Sariyah:1.4641687
Aaliyah:1.3954736
Noah:7.6932507
Jazmine:4.015509
Juan:10.390912
Aiden:5.1141267
Sofia:1.4338459
Omar:1.5090386
Gianna:15.057339
Xavier:13.623917
Leilani:7.583777
Amir:16.41183
Yara:4.62749
Malik:1.3413363
Nia:16.313396
Andres:0.6355406
Saniyah:9.008876
Elijah:0.08753672
Maya:5.4646616
Mateo:9.5044
Amara:4.9144006
Adrian:12.839684
Asha:0.1237576
Jayden:8.164086
Kira:0.008041246
Diego:1.701711
Ava:5.8874264
Alejandro:16.213339
Anaya:13.368395
Gabriel:4.6338387
Kai:0.00871135
Omarion:13.619825
Mira:1.745938
Josiah:7.7798
Samira:9.69806
Hassan:4.3604364
Leyla:16.486952
Jaden:15.906819
Nyla:17.308887
Zaid:5.6331043
Emani:9.494031
Jeremiah:6.116708
Fatima:5.103264
Micah:13.109206
Nasir:10.483986
Ruby:1.0352399
Zariah:6.8769584
Kendrick:0.17278099
Zayna:3.7848876
Ezequiel:10.664279
Aaliyah:1.4290106
Noah:7.8781404
Jazmine:4.112013
Juan:10.640635
Aiden:5.2370334
Sofia:1.4683051
Omar:1.5453049
Gianna:15.419209
Xavier:13.951337
Leilani:7.7660356
Amir:16.806252
Yara:4.7387013
Malik:1.3735722
Nia:16.705452
Andres:0.65081435
Saniyah:9.225384
Elijah:0.08964047
Maya:5.5959926
Mateo:9.732817
Amara:5.032507
Adrian:13.148256
Asha:0.12673183
Jayden:8.360292
Kira:0.008234499
Diego:1.7426078
Ava:6.0289173
Alejandro:16.60299
Anaya:13.689674
Gabriel:4.7452025
Kai:0.008920708
Omarion:13.947147
Mira:1.7878976
Josiah:7.9667697
Samira:9.931131
Hassan:4.4652295
Leyla:16.883179
Jaden:16.289104
Nyla:17.724869
Zaid:5.7684836
Emani:9.7221985
Jeremiah:6.263709
Fatima:5.225909
Micah:13.424256
Nasir:10.735945
Ruby:1.0601195
Zariah:7.0422306
Kendrick:0.1769334
Zayna:3.8758488
Ezequiel:10.920571
Sariyah:1.4984622
Aaliyah:1.4247297
Noah:7.8545394
Jazmine:4.0996943
Juan:10.608758
Aiden:5.2213445
Sofia:1.4639064
Omar:1.5406755
Gianna:15.373015
Xavier:13.909541
Leilani:7.7427707
Amir:16.755903
Yara:4.7245054
Malik:1.3694574
Nia:16.655405
Andres:0.6488647
Saniyah:9.197747
Elijah:0.08937193
Maya:5.579228
Mateo:9.70366
Amara:5.017431
Adrian:13.108867
Asha:0.12635218
Jayden:8.335247
Kira:0.00820983
Diego:1.7373874
Ava:6.010856
Alejandro:16.553251
Anaya:13.6486635
Gabriel:4.730987
Kai:0.008893983
Omarion:13.905365
Mira:1.7825415
Josiah:7.942903
Samira:9.90138
Hassan:4.451853
Leyla:16.832602
Jaden:16.240305
Nyla:17.671768
Zaid:5.7512026
Emani:9.693073
Jeremiah:6.2449446
Fatima:5.2102537
Micah:13.38404
Nasir:10.703783
Ruby:1.0569437
Zariah:7.0211334
Kendrick:0.17640333
Zayna:3.8642375
Ezequiel:10.887856
Sariyah:1.4939731
Aaliyah:1.4245938
Noah:7.8537903
Jazmine:4.0993032
Juan:10.607746
Aiden:5.220846
Sofia:1.4637668
Omar:1.5405287
Gianna:15.37155
Xavier:13.9082155
Leilani:7.742032
Amir:16.754307
Yara:4.724055
Malik:1.3693268
Nia:16.653818
Andres:0.6488028
Saniyah:9.19687
Elijah:0.0893634
Maya:5.5786963
Mateo:9.702734
Amara:5.0169525
Adrian:13.107617
Asha:0.12634012
Jayden:8.334452
Kira:0.008209048
Diego:1.7372217
Ava:6.010283
Alejandro:16.551672
Anaya:13.647362
Gabriel:4.730536
Kai:0.008893135
Omarion:13.904038
Mira:1.7823715
Josiah:7.942146
Samira:9.900435
Hassan:4.451428
Leyla:16.830996
Jaden:16.238756
Nyla:17.670084
Zaid:5.7506537
Emani:9.692149
Jeremiah:6.244349
Fatima:5.209757
Micah:13.382764
Nasir:10.702762
Ruby:1.0568429
Zariah:7.020464
Kendrick:0.1763865
Zayna:3.8638692
Ezequiel:10.886818
Sariyah:1.4938307
